*Main> paintChars diamon 24
           0            
          000           
         00000          
        0000000         
       000000000        
      00000000000       
     0000000000000      
    000000000000000     
   00000000000000000    
  0000000000000000000   
 000000000000000000000  
00000000000000000000000 
 000000000000000000000  
  0000000000000000000   
   00000000000000000    
    000000000000000     
     0000000000000      
      00000000000       
       000000000        
        0000000         
         00000          
          000           
           0            
                        
*Main> paintChars diamon 30
              0               
             000              
            00000             
           0000000            
          000000000           
         00000000000          
        0000000000000         
       000000000000000        
      00000000000000000       
     0000000000000000000      
    000000000000000000000     
   00000000000000000000000    
  0000000000000000000000000   
 000000000000000000000000000  
00000000000000000000000000000 
 000000000000000000000000000  
  0000000000000000000000000   
   00000000000000000000000    
    000000000000000000000     
     0000000000000000000      
      00000000000000000       
       000000000000000        
        0000000000000         
         00000000000          
          000000000           
           0000000            
            00000             
             000              
              0               
                              
*Main> paintChars diamon 8
   0    
  000   
 00000  
0000000 
 00000  
  000   
   0    
        
*Main> paintChars diamon 40
                   0                    
                  000                   
                 00000                  
                0000000                 
               000000000                
              00000000000               
             0000000000000              
            000000000000000             
           00000000000000000            
          0000000000000000000           
         000000000000000000000          
        00000000000000000000000         
       0000000000000000000000000        
      000000000000000000000000000       
     00000000000000000000000000000      
    0000000000000000000000000000000     
   000000000000000000000000000000000    
  00000000000000000000000000000000000   
 0000000000000000000000000000000000000  
000000000000000000000000000000000000000 
 0000000000000000000000000000000000000  
  00000000000000000000000000000000000   
   000000000000000000000000000000000    
    0000000000000000000000000000000     
     00000000000000000000000000000      
      000000000000000000000000000       
       0000000000000000000000000        
        00000000000000000000000         
         000000000000000000000          
          0000000000000000000           
           00000000000000000            
            000000000000000             
             0000000000000              
              00000000000               
               000000000                
                0000000                 
                 00000                  
                  000                   
                   0                    

*Main> paintChars diamon 4
 0  
000 
 0  
